Template: NONE
Clouds: 0.4456522
Grime: 0.2826087
Palette: 6
EffectColorA: 10
EffectColorB: 3
Effects: Fog-0.2391304-271-47, Flies-0.1521739-275-118, FastFloodDrain-0.1086956-16-115, FastFloodPullDown-0.2065217-14-49, 
FadePalette: 15, 0.5652174
