GATE_TL_OE: 505,1330,48,35
GATE_TL_LM: 2881,486,48,35
GATE_DS_SB: 1512,429,48,35
GATE_LF_SB: 847,1426,48,35
GATE_TL_VS: 1799,1926,48,35
TL_B01: 1006,2002,100,41
TL_D01: 1262,1989,136,132
TL_C03: 821,1161,48,114
TL_S01: 1000,2045,48,121
TL_A01: 1002,305,76,38
TL_B02: 860,1149,103,35
TL_C01: 1373,1158,48,121
TL_C02: 1077,1090,136,78
TL_A02: 1075,1926,48,35
TL_S02: 1374,1198,48,35
TL_E01: 1213,1135,244,35
TL_A03: 1341,333,49,35
TL_B03: 1503,209,48,74
TL_E02: 1412,1888,151,80
TL_G01: 1552,1882,247,72
TL_S03: 1557,219,48,35
TL_A04: 777,1323,48,35
TL_AC01: 1529,1290,1418,73
TL_B07: 893,1187,48,75
TL_C09: 1107,2004,151,35
TL_C10: 847,347,156,35
TL_A06: 960,306,48,35
TL_B08: 817,493,96,35
TL_A07: 897,1320,60,35
TL_S06: 913,491,48,35
TL_A08: 944,1327,60,35
TL_A09: 993,497,48,35
TL_B09: 1038,1327,108,35
TL_A10: 1122,495,48,35
TL_B10: 678,493,100,35
TL_K01: 538,1357,558,44
TL_B11: 950,2157,99,35
TL_F03: 600,448,152,155
TL_S07: 734,460,48,25
TL_B14: 641,1324,112,35
TL_V02: 1796,1334,1129,38
TL_S08: 2716,484,48,35
TL_B06: 2049,466,56,73
TL_B15: 2412,484,52,37
TL_B16: 2669,486,52,37
TL_A11: 2118,509,53,12
TL_A12: 2119,486,52,11
TL_A13: 1931,509,53,12
TL_A14: 1995,509,53,12
TL_A15: 2346,509,53,12
TL_A16: 2472,510,53,12
TL_A17: 2541,509,53,12
TL_A18: 2608,510,53,12
TL_A19: 1931,486,52,11
TL_A20: 1993,486,52,11
TL_A21: 2348,487,52,11
TL_A22: 2472,486,52,11
TL_A23: 2541,486,52,11
TL_A24: 2606,486,52,11
TL_J01: 430,1425,412,78
TL_A42: 589,1502,48,40
TL_S13: 561,666,48,35
TL_A25: 1876,478,48,35
TL_D05: 1462,296,48,150
TL_F04: 1360,212,104,121
TL_S10: 1459,446,48,35
TL_S12: 2915,1333,48,35
TL_B19: 1352,171,100,39
TL_B20: 1296,968,100,35
TL_C13: 1396,968,152,35
TL_B21: 1435,146,100,35
TL_G02: 1400,1009,220,115
TL_B22: 1550,967,100,35
TL_B23: 1536,147,100,35
TL_A39: 1390,136,48,35
TL_T01: 1489,336,809,121
TL_C04: 1476,1142,151,35
TL_C14: 1928,1379,174,35
TL_D02: 1867,1213,200,37
TL_C05: 1645,1212,162,37
TL_D03: 2102,1212,201,37
TL_S04: 2195,1182,48,35
TL_A28: 1634,1345,48,16
TL_A29: 1736,493,48,13
TL_A30: 1744,1318,41,25
TL_B24: 1680,1333,70,32
TL_B18: 1783,493,96,21
TL_A31: 1448,890,70,41
TL_A32: 631,2203,53,12
TL_A33: 700,540,53,12
TL_A34: 755,541,53,12
TL_A35: 834,541,53,12
TL_A36: 895,541,53,12
TL_A37: 958,541,53,12
TL_A38: 1020,541,53,12
TL_D06: 1312,841,204,52
TL_D04: 344,1409,56,156
TL_C15: 608,1109,48,118
TL_A40: 766,1141,48,35
TL_B25: 672,1119,91,57
TL_C16: 681,1182,131,40
TL_B26: 395,599,48,77
TL_D08: 305,585,48,155
TL_H01: 212,1443,97,140
TL_M01: 10,1345,202,307
TL_V01: 506,1285,1017,81
TL_A27: 634,534,48,35
