Template: NONE
Palette: 27
EffectColorA: 19
EffectColorB: 6
Effects: Bloom-0-20-20, 
FadePalette: 10, 0.25, 0.25, 0.25, 0.2608696, 0.2717391, 0.2391304, 0.2608696, 0.2065217, 0.2173913, 0.2173913, 0.2065217, 0.2282609, 0.25, 0.2065217, 0.2391304, 0.2282609, 0.2608696, 0.2173913, 0.2826087, 0.2391304, 0.2608696, 0.2608696
