Template: SH_SettingsTemplate_DarkSun
DangerType: Rain
WaveSpeed: 0.4734481
WaveLength: 0.9867241
WaveAmplitude: 0.01655214
SecondWaveLength: 0.1666667
SecondWaveAmplitude: 0
Clouds: 0.2282609
Grime: 0.09782609
Palette: 12
EffectColorA: 18
Effects: LightBurn-0.2065217-215-158, 
FadePalette: 9, 0.1304348, 0.1304348, 0.1304348, 0.1304348
