DangerType: None
WaveSpeed: 0.2696486
WaveLength: 0.7933244
WaveAmplitude: 2.625388E-05
SecondWaveLength: 0.1666667
SecondWaveAmplitude: 0
Palette: 8
EffectColorA: 14
PlacedObjects: CustomDecal><597.4458><89.05747><-204~410~773~443~549~13~-449~-10~0~1~1~rust3~0.6739131~1~0.6739131~1~0.6739131~1~0.6739131~1, ClimbablePole><922.1789><169.4106><-65~375~17.32051~-10~Black, 
FadePalette: 24, 0.1086956
