Template: NONE
DangerType: Flood
WaveSpeed: 0.5
WaveLength: 0.75
WaveAmplitude: 0.03430947
SecondWaveLength: 0.1666667
SecondWaveAmplitude: 0
Palette: 10
Effects: SilenceWater-1-20-20, 
AmbientSounds: DIR><AM_IND-Utility03.ogg><729.6335><445.1489><0.1630435><1><7.371448><0, OMNI><SO_WAT-MoreDrips.ogg><743.05><546.7458><0.5217391><1, OMNI><AM_ENV-SubTerr.ogg><705.3469><329.3787><0.3804348><1, DIR><AM_SUB-BlankState.ogg><518.0716><202.0904><0.423913><1><24.18951><0, 
