Template: NONE
Clouds: 0.0326087
Grime: 0
Palette: 12
EffectColorA: 19
PlacedObjects: FakeSubregionPopup><491.3313><1923.567><-58~-117~1~0^39, FakeSubregionPopup><388.7504><1925.95><-81~-176~1~2^41, FakeSubregionPopup><290.325><1924.436><-75~-117~1~0^45, FakeSubregionPopup><15793.39><2186.581><100~50~1~-1^-22, 
FadePalette: 10, 0.6304348, 0.6413044, 0.6413044, 0.6195652, 0.6304348, 0.6304348, 0.6739131, 0.6630435, 0.6847826, 0.6847826, 0.6847826, 0.6413044, 0.5869565, 0.6195652, 0.6086956, 0.5869565, 0.6847826, 0.6521739, 0.7065217, 0.8913044
