Template: NONE
DangerType: None
CeilingDrips: 1
WaveSpeed: 0.4885731
WaveLength: 0.9942865
WaveAmplitude: 0.002635692
SecondWaveLength: 0.1666667
SecondWaveAmplitude: 0
Clouds: 1
Grime: 0.3804348
Palette: 60
EffectColorB: 18
Effects: HeatWave-0.4130435-20-20, 
PlacedObjects: LightSource><491.1094><618.5826><0.8260875~White~58~-71~95~-216.3975~0~1~None~0~0, LightBeam><203.1279><15.65375><276~609~300~609~552~-5~-164~104~0.4869564~1~0~1~None~0~0, 
