Clouds: 0.5434783
Grime: 0
BkgDroneVolume: 0
Palette: 16
Effects: SunBlock-1-17-69, Bloom-1-21-124, SuperStructureProjector-1-290-84, ProjectedScanLines-1-286-20, SSSwarmers-0.1956522-278-138, SSMusic-0.3608696-255-250, 
PlacedObjects: SpotLight><142.6941><86.808><18~531~676~544~614~10, CoralStem><467.1365><97.89624><1~178, CoralStem><168.0381><289.0536><60~124, CoralStem><844.7996><256.4438><-139~181, ProjectedStars><483.8022><369.5296><370~186, LightFixture><852.7974><566.4891><RedLight~17.32051~-10~37, LightFixture><688.558><-2.571018><RedLight~17.32051~-10~37, LightFixture><6.023438><497.0514><RedLight~17.32051~-10~30, 
AmbientSounds: SPOT><AM_IND-DeepHum.ogg><72.09741><501.3253><0.1956522><1><491.0974><377.3253><-617.3553><-284.3553><0><0.2847827, SPOT><SO_SFX-Celia.ogg><651.2262><265.3014><0.09782609><1.430435><474.2262><373.3014><-206.3553><-15.35529><0><0.2304349, OMNI><AM_IND-SuperStructure.ogg><843.0548><566.2064><0.2173913><1, OMNI><AM_WIN-StrongWnd2.ogg><845.7762><648.5518><0.6086956><1, SPOT><AM_SFX-RandomGods.ogg><834.1473><256.3853><0><1><530.1473><-9.614746><-117.3553><244.6447><0><1, 
FadePalette: 23, 1
