RandomItemDensity: 0.7934783
RandomItemSpearChance: 0.2652173
Palette: 12
EffectColorA: 13
PlacedObjects: LightFixture><357.5532><90.80719><SlimeMoldLight~156.3205~-118~13, LightFixture><157.4819><110.8008><SlimeMoldLight~-155.6795~-151~31, LightFixture><227.3624><90.8548><SlimeMoldLight~25.3205~-124~16, CosmeticSlimeMold2><414.6046><127.3295><7~121, CosmeticSlimeMold2><135.1232><135.6547><10~147, SlimeMold><105.5502><116.2415><431~6~2~3, SlimeMold><117.9391><87.31494><671~33~2~3, SlimeMold><169.5847><80.36249><614~-33~2~3, SlimeMold><254.7092><89.4458><522~-117~2~3, SlimeMold><330.5749><91.34659><200~-41~2~3, DangleFruit><310.5521><264.7792><-439~-161~2~3, DangleFruit><251.6202><291.5978><-318~13~2~3, DangleFruit><265.8707><223.5906><-367~-28~2~3, LightSource><108.5135><94.19954><0.4021739~EffectColor1~723~488~-119~330.6025~0~0~None~0~0, DevToken><426.743><321.4338><-8~79~0~0~0~~White|Yellow|Red|Rivulet|Artificer|Saint|Spear~0~0~0~1~0~0~0~1, 
AmbientSounds: OMNI><AM_ENV-CityTone.ogg><874.8284><646.934><0.3369565><1, SPOT><MSC-ShadowGully.ogg><696.8502><605.1731><0.3043478><1><477.8502><27.17313><-247.3553><-109.3553><0><0.3934784, 
FadePalette: 10, 0.5652174
