Template: NONE
DangerType: None
CeilingDrips: 0
Clouds: 0
Grime: 0
Palette: 6
EffectColorB: 13
Effects: HeatWave-0.4456522-20-20, PixelShift-1-20-79, Bloom-0-26-130, 
PlacedObjects: VultureMask><881.7283><149.5512><, VultureMask><1129.325><125.8147><, 
FadePalette: 8, 0.7173913, 0.7173913
