Template: NONE
DangerType: Flood
WaveSpeed: 0.5
WaveLength: 0.75
WaveAmplitude: 0.03729067
SecondWaveLength: 0.1666667
SecondWaveAmplitude: 0
Grime: 0
Palette: 21
EffectColorA: 19
PlacedObjects: LightSource><518.6488><410.1336><1~EffectColor1~-149~34~50~86.60254~0~0~None~0~0, 
FadePalette: 10, 0.2282609
