Template: NONE
DangerType: Flood
WaveSpeed: 0.5
WaveLength: 0.75
WaveAmplitude: 0.03970544
SecondWaveLength: 0.1666667
SecondWaveAmplitude: 0
Palette: 10
PlacedObjects: LightFixture><3075.691><390.0605><RedLight~17.32051~-10~52, LightFixture><3824.995><559.95><RedLight~17.32051~-10~83, LightFixture><2096.404><558.3725><RedLight~17.32051~-10~74, LightFixture><1134.447><237.0342><RedLight~17.32051~-10~7, LightFixture><322.1689><499.1071><RedLight~17.32051~-10~100, 
