Template: NONE
DangerType: None
CeilingDrips: 0
Clouds: 1
Grime: 0
Palette: 22
EffectColorA: 19
FadePalette: 10, 0.6304348, 0.6086956, 0.6086956, 0.6086956, 0.5978261, 0.5652174, 0.5869565
MorePalette0: 4, 0.09782609, 0.1086956, 0.09782609, 0.1086956, 0.1086956, 0.08695652, 0.1086956
