Template: NONE
DangerType: None
WaveSpeed: 0.5
WaveLength: 0.75
WaveAmplitude: 0.0407349
SecondWaveLength: 0.1666667
SecondWaveAmplitude: 0
Grime: 0
Palette: 21
PlacedObjects: LightFixture><620.5732><240.9361><RedLight~17.32051~-10~50, 
AmbientSounds: OMNI><AM_ENV-SubTerr.ogg><724.0631><562.6898><0.173913><1, SPOT><AM_IND-50hz.ogg><731.6533><339.075><0.5><1><617.6533><239.075><-35.35534><-35.35534><0><0.1, 
FadePalette: 8, 0.5
